1111111111111111111111111111111111111111111111111111111111111111111111111111111111111111111111111111  31
   -1111111111111111111111111111111111111111111111111111111111111111111111111111111111111111111111111111  32
   -1111111111111111111111111111111111111111111111111111111111111111111111111111111111111111111111111111  33
   -1111111111111111111111111111111111111111111111111111111111111111111111111111111111111111111111111111  34
   -1111111111111111111111111111111111111111111111111111111111111111111111111111111111111111111111111111  35
   -1111111111111111111111111111111111111112222221113333333333311111111111111111111111111111111111111111  36
   -1111111111111111111111111111111111111222222221113333333333311111111111111111111111111111111111111111  37
   -1111111111111111111111111111111111112222111111111111111333311111111111111111111111111111111111111111  38
   -1111111111111111111111111111111111112221111111111111113333111111111111111111111111111111111111111111  39
   -1111111111111111111111111111111111122222222211111111113333111111111111111111111111111111111111111111  40
   -1111111111111111111111111111111111122222222222111111133331111111111111111111111111111111111111111111  41
   -1111111111111111111111111111111111122221112222111111333331111111111111111111111111111111111111111111  42
   -1111111111111111111111111111111111122221112222111111333311111111111111111111111111111111111111111111  43
   -1111111111111111111111111111111111122221112222111113333311111111111111111111111111111111111111111111  44
   -1111111111111111111111111111111111122221112222111113333111111111111111111111111111111111111111111111  45
   -1111111111111111111111111111111111112222112222111133331111111111111111111111111111111111111111111111  46
   -1111111111111111111111111111111111112222222221111133331111111111111111111111111111111111111111111111  47
   -1111111111111111111111111111111111111122222211111333311111111111111111111111111111111111111111111111  48
   -1111111111111111111111111111111111111111111111111111111111111111111111111111111111111111111111111111  49
   -1111111111111111111111111111111111111111111111111111111111111111111111111111111111111111111111111111  50
   -1111111111111111111111111111111111111111111111111111111111111111111111111111111111111111111111111111  51
   -1111111111111111111111111111111111111111111111111111111111111111111111111111111111111111111111111111  52
   -1111111111111111111111111111111111111111111111111111111111111111111111111111111111111111111111111111  53
   -