1111111111111111111111111111111111111111111111111111111111111111111111111111111111111111111111111111  31
   -1111111111111111111111111111111111111111111111111111111111111111111111111111111111111111111111111111  32
   -1111111111111111111111111111111111111111111111111111111111111111111111111111111111111111111111111111  33
   -1111111111111111111111111111111111111111111111111333311111111144441111111111111111111111111111111111  34
   -1111111111111111111111111111111111111111111111111333311111111144441111111111111111111111111111111111  35
   -1111111111111111111111111111111111111111111111333333311111144444441111111111111111111111111111111111  36
   -1111111111111111111111111111111111111111111111333333311111144444441111111111111111111111111111111111  37
   -1111111111111111111111111111111111111111111111111333311111111144441111111111111111111111111111111111  38
   -1111111111111111111111111111111111111111111111111333311111111144441111111111111111111111111111111111  39
   -1111111111111111111111111111111111112222222111111333311111111144441111111111111111111111111111111111  40
   -1111111111111111111111111111111111112222222111111333311111111144441111111111111111111111111111111111  41
   -1111111111111111111111111111111111111111111111111333311111111144441111111111111111111111111111111111  42
   -1111111111111111111111111111111111111111111111111333311111111144441111111111111111111111111111111111  43
   -1111111111111111111111111111111111111111111111111333311111111144441111111111111111111111111111111111  44
   -1111111111111111111111111111111111111111111111333333333311144444444441111111111111111111111111111111  45
   -1111111111111111111111111111111111111111111111333333333311144444444441111111111111111111111111111111  46
   -1111111111111111111111111111111111111111111111111111111111111111111111111111111111111111111111111111  47
   -1111111111111111111111111111111111111111111111111111111111111111111111111111111111111111111111111111  48
   -1111111111111111111111111111111111111111111111111111111111111111111111111111111111111111111111111111  49
   -1111111111111111111111111111111111111111111111111111111111111111111111111111111111111111111111111111  50
   -1111111111111111111111111111111111111111111111111111111111111111111111111111111111111111111111111111  51
   -