1111111111111111111111111111111111111111111111111111111111111111111111111111111111111111111111111111  34
   -1111111111111111111111111111111111111111111111111111111111111111111111111111111111111111111111111111  35
   -1111111111111111111111111111111111111111111111111111111111111111111111111111111111111111111111111111  36
   -1111111111111111111111111111111111112222111111113333311111111444441111111111111111111111111111111111  37
   -1111111111111111111111111111111111112222111111333333333111144444444411111111111111111111111111111111  38
   -1111111111111111111111111111111112222222111111333311333311144441144441111111111111111111111111111111  39
   -1111111111111111111111111111111112222222111113333111333311444411144441111111111111111111111111111111  40
   -1111111111111111111111111111111111112222111113333111333311444411144441111111111111111111111111111111  41
   -1111111111111111111111111111111111112222111113333111333311444411144441111111111111111111111111111111  42
   -1111111111111111111111111111111111112222111113333111333311444411144441111111111111111111111111111111  43
   -1111111111111111111111111111111111112222111113333111333311444411144441111111111111111111111111111111  44
   -1111111111111111111111111111111111112222111113333111333311444411144441111111111111111111111111111111  45
   -1111111111111111111111111111111111112222111113333111333311444411144441111111111111111111111111111111  46
   -1111111111111111111111111111111111112222111111333313333311144441444441111111111111111111111111111111  47
   -1111111111111111111111111111111112222222222111333333333111144444444411111111111111111111111111111111  48
   -1111111111111111111111111111111112222222222111113333311111111444441111111111111111111111111111111111  49
   -1111111111111111111111111111111111111111111111111111111111111111111111111111111111111111111111111111  50
   -1111111111111111111111111111111111111111111111111111111111111111111111111111111111111111111111111111  51
   -1111111111111111111111111111111111111111111111111111111111111111111111111111111111111111111111111111  52
   -1111111111111111111111111111111111111111111111111111111111111111111111111111111111111111111111111111  53
   -1111111111111111111111111111111111111111111111111111111111111111111111111111111111111111111111111111  54
   