1111111111111111111111111111111111111111111111111111111111111111111111111111111111111111111111111111  32
   -1111111111111111111111111111111111111111111111111111111111111111111111111111111111111111111111111111  33
   -1111111111111111111111111111111111111111111111111111111111111111111111111111111111111111111111111111  34
   -1111111111111111111111111111111111112222222111111133333111111111111111111111111111111111111111111111  35
   -1111111111111111111111111111111111122222222211113333333311111111111111111111111111111111111111111111  36
   -1111111111111111111111111111111111222211122221133331113331111111111111111111111111111111111111111111  37
   -1111111111111111111111111111111111222211122221133331113331111111111111111111111111111111111111111111  38
   -1111111111111111111111111111111111222221122211133311113333111111111111111111111111111111111111111111  39
   -1111111111111111111111111111111111122222222111133311113333111111111111111111111111111111111111111111  40
   -1111111111111111111111111111111111112222222211133331113333111111111111111111111111111111111111111111  41
   -1111111111111111111111111111111111222212222221113333333333111111111111111111111111111111111111111111  42
   -1111111111111111111111111111111111222111122221111333313331111111111111111111111111111111111111111111  43
   -1111111111111111111111111111111111222111112221111111113331111111111111111111111111111111111111111111  44
   -1111111111111111111111111111111111222211122221111111133311111111111111111111111111111111111111111111  45
   -1111111111111111111111111111111111122222222211113333333111111111111111111111111111111111111111111111  46
   -1111111111111111111111111111111111112222222111113333331111111111111111111111111111111111111111111111  47
   -1111111111111111111111111111111111111111111111111111111111111111111111111111111111111111111111111111  48
   -1111111111111111111111111111111111111111111111111111111111111111111111111111111111111111111111111111  49
   -1111111111111111111111111111111111111111111111111111111111111111111111111111111111111111111111111111  50
   -1111111111111111111111111111111111111111111111111111111111111111111111111111111111111111111111111111  51
   -1111111111111111111111111111111111111111111111111111111111111111111111111111111111111111111111111111  52
   -1111111111111111111111111111111111111111111111111111111111111111111111111111111111111111111111111111  53
   -1111111111111111111111111111111111111111111111111111111111111111111111111111111111111111111111111111  54
   -1111111111111111111111111111111111111111111111111111111111111111111111111111111111111111111111111111  55
   -1111111111111111111111111111111111111111111111111111111111111111111111111111111111111111111111111111  56
   -1111111111111111111111111111111111111111111111111111111111111111111111111111111111111111111111111111  57
   -1111111111111111111111111111111111111111111111111111111111111111111111111111111111111111111111111111  58
   -1111111111111111111111111111111111111111111111111111111111111111111111111111111111111111111111111111  59
   -1111111111111111111111111111111111111111111111111111111111111111111111111111111111111111111111111111  60
   -1111111111111111111111111111111111111111111111111111111111111111111111111111111111111111111111111111  61
   -1111111111111111111111111111111111111111111111111111111111111111111111111111111111111111111111111111  62
   -1111111111111111111111111111111111111111111111111111111111111111111111111111111111111111111111111111  63
   -1111111111111111111111111111111111111111111111111111111111111111111111111111111111111111111111111111  64
   -1111111111111111111111111111111111111111111111111111111111111111111111111111111111111111111111111111  65
   -1111111111111111111111111111111111111111111111111111111111111111111111111111111111111111111111111111  66
   -1111111111111111111111111111111111111111111111111111111111111111111111111111111111111111111111111111  67
   -1111111111111111111111111111111111111111111111111111111111111111111111111111111111111111111111111111  68
   -1111111111111111111111111111111111111111111111111111111111111111111111111111111111111111111111111111  69
   -1111111111111111111111111111111111111111111111111111111111111111111111111111111111111111111111111111  70
   -1111111111111111111111111111111111111111111111111111111111111111111111111111111111111111111111111111  71
   -1111111111111111111111111111111111111111111111111111111111111111111111111111111111111111111111111111  72
   -1111111111111111111111111111111111111111111111111111111111111111111111111111111111111111111111111111  73
   -1111111111111111111111111111111111111111111111111111111111111111111111111111111111111111111111111111  74
   -1111111111111111111111111111111111111111111111111111111111111111111111111111111111111111111111111111  75
   -1111111111111111111111111111111111111111111111111111111111111111111111111111111111111111111111111111  76
   -1111111111111111111111111111111111111111111111111111111111111111111111111111111111111111111111111111  77
   -1111111111111111111111111111111111111111111111111111111111111111111111111111111111111111111111111111  78
   -1111111111111111111111111111111111111111111111111111111111111111111111111111111111111111111111111111  79
   -1111111111111111111111111111111111111111111111111111111111111111111111111111111111111111111111111111  80
   